335684,6
4,5
5,5
6,5
6,6
6,7
7,7
8,7
5,4
4,4
5,3
6,3
7,3
8,3
8,4
8,2
3,7
Mineral real num: 18
Mineral num: 18
........
........
.....xx.
...xxx..
..xxx...
..x.xxx.
..x...x.
.xxx..x.
4,6
4,5
5,5
6,5
6,6
6,7
7,7
8,7
5,4
4,4
5,3
6,3
7,3
8,3
8,4
8,2
Mineral real num: 17
Mineral num: 17
........
........
.....x..
...xxx..
..xxx...
..x.xxx.
..x...x.
.xxx..x.
4,6
4,5
5,5
6,5
6,6
6,7
7,7
8,7
5,4
4,4
Mineral real num: 16
Mineral num: 11
gravity:
3.6
4.4
4.5
4.6
5.4
5.5
6.5
6.6
6.7
7.7
8.7
gravity:
3.6
4.4
4.5
4.6
5.4
5.5
6.5
6.6
6.7
7.7
8.7
gravity:
3.6
4.4
4.5
4.6
5.4
5.5
6.5
6.6
6.7
7.7
8.7
gravity:
3.6
4.4
4.5
4.6
5.4
5.5
6.5
6.6
6.7
7.7
8.7
gravity:
3.6
4.4
4.5
4.6
5.4
5.5
6.5
6.6
6.7
7.7
8.7
gravity:
3.6
4.4
4.5
4.6
5.4
5.5
6.5
6.6
6.7
7.7
8.7
gravity:
3.6
4.4
4.5
4.6
5.4
5.5
6.5
6.6
6.7
7.7
8.7
gravity:
3.6
4.4
4.5
4.6
5.4
5.5
6.5
6.6
6.7
7.7
8.7
gravity:
3.6
4.4
4.5
4.6
5.4
5.5
6.5
6.6
6.7
7.7
8.7
gravity:
3.6
4.4
4.5
4.6
5.4
5.5
6.5
6.6
6.7
7.7
8.7
gravity:
3.6
4.4
4.5
4.6
5.4
5.5
6.5
6.6
6.7
7.7
8.7
gravity:
3.6
4.4
4.5
4.6
5.4
5.5
6.5
6.6
6.7
7.7
8.7
gravity:
3.6
4.4
4.5
4.6
5.4
5.5
6.5
6.6
6.7
7.7
8.7
gravity:
3.6
4.4
4.5
4.6
5.4
5.5
6.5
6.6
6.7
7.7
8.7
gravity:
3.6
4.4
4.5
4.6
5.4
5.5
6.5
6.6
6.7
7.7
8.7
gravity:
3.6
4.4
4.5
4.6
5.4
5.5
6.5
6.6
6.7
7.7
8.7
........
........
.....x..
...xxx..
...xx...
..x.xxx.
..x...x.
.xxx..x.
4,6
4,5
5,5
6,5
6,6
5,4
4,4
Mineral real num: 15
Mineral num: 8
gravity:
3.6
3.6
4.4
4.4
4.5
4.5
4.6
4.6
5.4
5.4
5.5
5.5
6.5
6.5
6.6
6.6
6.7
7.7
8.7
gravity:
3.6
3.6
4.4
4.4
4.5
4.5
4.6
4.6
5.4
5.4
5.5
5.5
6.5
6.5
6.6
6.6
6.7
7.7
8.7
gravity:
3.6
3.6
4.4
4.4
4.5
4.5
4.6
4.6
5.4
5.4
5.5
5.5
6.5
6.5
6.6
6.6
6.7
7.7
8.7
gravity:
3.6
3.6
4.4
4.4
4.5
4.5
4.6
4.6
5.4
5.4
5.5
5.5
6.5
6.5
6.6
6.6
6.7
7.7
8.7
gravity:
3.6
3.6
4.4
4.4
4.5
4.5
4.6
4.6
5.4
5.4
5.5
5.5
6.5
6.5
6.6
6.6
6.7
7.7
8.7
gravity:
3.6
3.6
4.4
4.4
4.5
4.5
4.6
4.6
5.4
5.4
5.5
5.5
6.5
6.5
6.6
6.6
6.7
7.7
8.7
gravity:
3.6
3.6
4.4
4.4
4.5
4.5
4.6
4.6
5.4
5.4
5.5
5.5
6.5
6.5
6.6
6.6
6.7
7.7
8.7
gravity:
3.6
3.6
4.4
4.4
4.5
4.5
4.6
4.6
5.4
5.4
5.5
5.5
6.5
6.5
6.6
6.6
6.7
7.7
8.7
gravity:
3.6
3.6
4.4
4.4
4.5
4.5
4.6
4.6
5.4
5.4
5.5
5.5
6.5
6.5
6.6
6.6
6.7
7.7
8.7
gravity:
3.6
3.6
4.4
4.4
4.5
4.5
4.6
4.6
5.4
5.4
5.5
5.5
6.5
6.5
6.6
6.6
6.7
7.7
8.7
gravity:
3.6
3.6
4.4
4.4
4.5
4.5
4.6
4.6
5.4
5.4
5.5
5.5
6.5
6.5
6.6
6.6
6.7
7.7
8.7
gravity:
3.6
3.6
4.4
4.4
4.5
4.5
4.6
4.6
5.4
5.4
5.5
5.5
6.5
6.5
6.6
6.6
6.7
7.7
8.7
gravity:
3.6
3.6
4.4
4.4
4.5
4.5
4.6
4.6
5.4
5.4
5.5
5.5
6.5
6.5
6.6
6.6
6.7
7.7
8.7
gravity:
3.6
3.6
4.4
4.4
4.5
4.5
4.6
4.6
5.4
5.4
5.5
5.5
6.5
6.5
6.6
6.6
6.7
7.7
8.7
gravity:
3.6
3.6
4.4
4.4
4.5
4.5
4.6
4.6
5.4
5.4
5.5
5.5
6.5
6.5
6.6
6.6
6.7
7.7
8.7
........
........
.....x..
...xxx..
...xx...
..x.xx..
..x...x.
.xxx..x.
4,6
4,5
5,5
6,5
6,6
5,4
4,4
Mineral real num: 14
Mineral num: 8
gravity:
3.6
3.6
3.6
4.4
4.4
4.4
4.5
4.5
4.5
4.6
4.6
4.6
5.4
5.4
5.4
5.5
5.5
5.5
6.5
6.5
6.5
6.6
6.6
6.6
6.7
7.7
8.7
gravity:
3.6
3.6
3.6
4.4
4.4
4.4
4.5
4.5
4.5
4.6
4.6
4.6
5.4
5.4
5.4
5.5
5.5
5.5
6.5
6.5
6.5
6.6
6.6
6.6
6.7
7.7
8.7
gravity:
3.6
3.6
3.6
4.4
4.4
4.4
4.5
4.5
4.5
4.6
4.6
4.6
5.4
5.4
5.4
5.5
5.5
5.5
6.5
6.5
6.5
6.6
6.6
6.6
6.7
7.7
8.7
gravity:
3.6
3.6
3.6
4.4
4.4
4.4
4.5
4.5
4.5
4.6
4.6
4.6
5.4
5.4
5.4
5.5
5.5
5.5
6.5
6.5
6.5
6.6
6.6
6.6
6.7
7.7
8.7
gravity:
3.6
3.6
3.6
4.4
4.4
4.4
4.5
4.5
4.5
4.6
4.6
4.6
5.4
5.4
5.4
5.5
5.5
5.5
6.5
6.5
6.5
6.6
6.6
6.6
6.7
7.7
8.7
gravity:
3.6
3.6
3.6
4.4
4.4
4.4
4.5
4.5
4.5
4.6
4.6
4.6
5.4
5.4
5.4
5.5
5.5
5.5
6.5
6.5
6.5
6.6
6.6
6.6
6.7
7.7
8.7
gravity:
3.6
3.6
3.6
4.4
4.4
4.4
4.5
4.5
4.5
4.6
4.6
4.6
5.4
5.4
5.4
5.5
5.5
5.5
6.5
6.5
6.5
6.6
6.6
6.6
6.7
7.7
8.7
gravity:
3.6
3.6
3.6
4.4
4.4
4.4
4.5
4.5
4.5
4.6
4.6
4.6
5.4
5.4
5.4
5.5
5.5
5.5
6.5
6.5
6.5
6.6
6.6
6.6
6.7
7.7
8.7
gravity:
3.6
3.6
3.6
4.4
4.4
4.4
4.5
4.5
4.5
4.6
4.6
4.6
5.4
5.4
5.4
5.5
5.5
5.5
6.5
6.5
6.5
6.6
6.6
6.6
6.7
7.7
8.7
gravity:
3.6
3.6
3.6
4.4
4.4
4.4
4.5
4.5
4.5
4.6
4.6
4.6
5.4
5.4
5.4
5.5
5.5
5.5
6.5
6.5
6.5
6.6
6.6
6.6
6.7
7.7
8.7
gravity:
3.6
3.6
3.6
4.4
4.4
4.4
4.5
4.5
4.5
4.6
4.6
4.6
5.4
5.4
5.4
5.5
5.5
5.5
6.5
6.5
6.5
6.6
6.6
6.6
6.7
7.7
8.7
gravity:
3.6
3.6
3.6
4.4
4.4
4.4
4.5
4.5
4.5
4.6
4.6
4.6
5.4
5.4
5.4
5.5
5.5
5.5
6.5
6.5
6.5
6.6
6.6
6.6
6.7
7.7
8.7
gravity:
3.6
3.6
3.6
4.4
4.4
4.4
4.5
4.5
4.5
4.6
4.6
4.6
5.4
5.4
5.4
5.5
5.5
5.5
6.5
6.5
6.5
6.6
6.6
6.6
6.7
7.7
8.7
gravity:
3.6
3.6
3.6
4.4
4.4
4.4
4.5
4.5
4.5
4.6
4.6
4.6
5.4
5.4
5.4
5.5
5.5
5.5
6.5
6.5
6.5
6.6
6.6
6.6
6.7
7.7
8.7
........
........
.....x..
...xxx..
...xx...
..x.xx..
..x...x.
..xx..x.

........
........
.....x..
...xxx..
...xx...
..x.xx..
..x...x.
..xx..x.
